,age,fnlwgt,education.num,capital.gain,capital.loss,hours.per.week,income
age,1.0,-0.077,0.037,0.078,0.058,0.069,0.234
fnlwgt,-0.077,1.0,-0.043,0.0,-0.01,-0.019,-0.009
education.num,0.037,-0.043,1.0,0.123,0.08,0.148,0.335
capital.gain,0.078,0.0,0.123,1.0,-0.032,0.078,0.223
capital.loss,0.058,-0.01,0.08,-0.032,1.0,0.054,0.151
hours.per.week,0.069,-0.019,0.148,0.078,0.054,1.0,0.23
income,0.234,-0.009,0.335,0.223,0.151,0.23,1.0
